0.0000 0.000
0.3000 0.000
0.3200 -0.100
0.3450 1.000
0.3700 -0.250
0.3900 0.000
0.5000 0.000
0.5800 0.200
0.6600 0.000
1.1333 0.000
1.1533 -0.100
1.1783 1.000
1.2033 -0.250
1.2233 0.000
1.3333 0.000
1.4133 0.200
1.4933 0.000
1.9666 0.000
1.9866 -0.100
2.0116 1.000
2.0366 -0.250
2.0566 0.000
2.1666 0.000
2.2466 0.200
2.3266 0.000
2.7999 0.000
2.8199 -0.100
2.8449 1.000
2.8699 -0.250
2.8899 0.000
2.9999 0.000
3.0799 0.200
3.1599 0.000
3.6332 0.000
3.6532 -0.100
3.6782 1.000
3.7032 -0.250
3.7232 0.000
3.8332 0.000
3.9132 0.200
3.9932 0.000
4.4665 0.000
4.4865 -0.100
4.5115 1.000
4.5365 -0.250
4.5565 0.000
4.6665 0.000
4.7465 0.200
4.8265 0.000
5.2998 0.000
5.3198 -0.100
5.3448 1.000
5.3698 -0.250
5.3898 0.000
5.4998 0.000
5.5798 0.200
5.6598 0.000
6.1331 0.000
6.1531 -0.100
6.1781 1.000
6.2031 -0.250
6.2231 0.000
6.3331 0.000
6.4131 0.200
6.4931 0.000
6.9664 0.000
6.9864 -0.100
7.0114 1.000
7.0364 -0.250
7.0564 0.000
7.1664 0.000
7.2464 0.200
7.3264 0.000
7.7997 0.000
7.8197 -0.100
7.8447 1.000
7.8697 -0.250
7.8897 0.000
7.9997 0.000
8.0797 0.200
8.1597 0.000
8.6330 0.000
8.6530 -0.100
8.6780 1.000
8.7030 -0.250
8.7230 0.000
8.8330 0.000
8.9130 0.200
8.9930 0.000
9.4663 0.000
9.4863 -0.100
9.5113 1.000
9.5363 -0.250
9.5563 0.000
9.6663 0.000
9.7463 0.200
9.8263 0.000
9.9996 0.000
